100000 1000 1 100000
1 1 100000
2 1 100000
3 1 100000
4 1 100000
5 1 100000
6 1 100000
7 1 100000
8 1 100000
9 1 100000
10 1 100000
11 1 100000
12 1 100000
13 1 100000
14 1 100000
15 1 100000
16 1 100000
17 1 100000
18 1 100000
19 1 100000
20 1 100000
21 1 100000
22 1 100000
23 1 100000
24 1 100000
25 1 100000
26 1 100000
27 1 100000
28 1 100000
29 1 100000
30 1 100000
31 1 100000
32 1 100000
33 1 100000
34 1 100000
35 1 100000
36 1 100000
37 1 100000
38 1 100000
39 1 100000
40 1 100000
41 1 100000
42 1 100000
43 1 100000
44 1 100000
45 1 100000
46 1 100000
47 1 100000
48 1 100000
49 1 100000
50 1 100000
51 1 100000
52 1 100000
53 1 100000
54 1 100000
55 1 100000
56 1 100000
57 1 100000
58 1 100000
59 1 100000
60 1 100000
61 1 100000
62 1 100000
63 1 100000
64 1 100000
65 1 100000
66 1 100000
67 1 100000
68 1 100000
69 1 100000
70 1 100000
71 1 100000
72 1 100000
73 1 100000
74 1 100000
75 1 100000
76 1 100000
77 1 100000
78 1 100000
79 1 100000
80 1 100000
81 1 100000
82 1 100000
83 1 100000
84 1 100000
85 1 100000
86 1 100000
87 1 100000
88 1 100000
89 1 100000
90 1 100000
91 1 100000
92 1 100000
93 1 100000
94 1 100000
95 1 100000
96 1 100000
97 1 100000
98 1 100000
99 1 100000
100 1 100000
101 1 100000
102 1 100000
103 1 100000
104 1 100000
105 1 100000
106 1 100000
107 1 100000
108 1 100000
109 1 100000
110 1 100000
111 1 100000
112 1 100000
113 1 100000
114 1 100000
115 1 100000
116 1 100000
117 1 100000
118 1 100000
119 1 100000
120 1 100000
121 1 100000
122 1 100000
123 1 100000
124 1 100000
125 1 100000
126 1 100000
127 1 100000
128 1 100000
129 1 100000
130 1 100000
131 1 100000
132 1 100000
133 1 100000
134 1 100000
135 1 100000
136 1 100000
137 1 100000
138 1 100000
139 1 100000
140 1 100000
141 1 100000
142 1 100000
143 1 100000
144 1 100000
145 1 100000
146 1 100000
147 1 100000
148 1 100000
149 1 100000
150 1 100000
151 1 100000
152 1 100000
153 1 100000
154 1 100000
155 1 100000
156 1 100000
157 1 100000
158 1 100000
159 1 100000
160 1 100000
161 1 100000
162 1 100000
163 1 100000
164 1 100000
165 1 100000
166 1 100000
167 1 100000
168 1 100000
169 1 100000
170 1 100000
171 1 100000
172 1 100000
173 1 100000
174 1 100000
175 1 100000
176 1 100000
177 1 100000
178 1 100000
179 1 100000
180 1 100000
181 1 100000
182 1 100000
183 1 100000
184 1 100000
185 1 100000
186 1 100000
187 1 100000
188 1 100000
189 1 100000
190 1 100000
191 1 100000
192 1 100000
193 1 100000
194 1 100000
195 1 100000
196 1 100000
197 1 100000
198 1 100000
199 1 100000
200 1 100000
201 1 100000
202 1 100000
203 1 100000
204 1 100000
205 1 100000
206 1 100000
207 1 100000
208 1 100000
209 1 100000
210 1 100000
211 1 100000
212 1 100000
213 1 100000
214 1 100000
215 1 100000
216 1 100000
217 1 100000
218 1 100000
219 1 100000
220 1 100000
221 1 100000
222 1 100000
223 1 100000
224 1 100000
225 1 100000
226 1 100000
227 1 100000
228 1 100000
229 1 100000
230 1 100000
231 1 100000
232 1 100000
233 1 100000
234 1 100000
235 1 100000
236 1 100000
237 1 100000
238 1 100000
239 1 100000
240 1 100000
241 1 100000
242 1 100000
243 1 100000
244 1 100000
245 1 100000
246 1 100000
247 1 100000
248 1 100000
249 1 100000
250 1 100000
251 1 100000
252 1 100000
253 1 100000
254 1 100000
255 1 100000
256 1 100000
257 1 100000
258 1 100000
259 1 100000
260 1 100000
261 1 100000
262 1 100000
263 1 100000
264 1 100000
265 1 100000
266 1 100000
267 1 100000
268 1 100000
269 1 100000
270 1 100000
271 1 100000
272 1 100000
273 1 100000
274 1 100000
275 1 100000
276 1 100000
277 1 100000
278 1 100000
279 1 100000
280 1 100000
281 1 100000
282 1 100000
283 1 100000
284 1 100000
285 1 100000
286 1 100000
287 1 100000
288 1 100000
289 1 100000
290 1 100000
291 1 100000
292 1 100000
293 1 100000
294 1 100000
295 1 100000
296 1 100000
297 1 100000
298 1 100000
299 1 100000
300 1 100000
301 1 100000
302 1 100000
303 1 100000
304 1 100000
305 1 100000
306 1 100000
307 1 100000
308 1 100000
309 1 100000
310 1 100000
311 1 100000
312 1 100000
313 1 100000
314 1 100000
315 1 100000
316 1 100000
317 1 100000
318 1 100000
319 1 100000
320 1 100000
321 1 100000
322 1 100000
323 1 100000
324 1 100000
325 1 100000
326 1 100000
327 1 100000
328 1 100000
329 1 100000
330 1 100000
331 1 100000
332 1 100000
333 1 100000
334 1 100000
335 1 100000
336 1 100000
337 1 100000
338 1 100000
339 1 100000
340 1 100000
341 1 100000
342 1 100000
343 1 100000
344 1 100000
345 1 100000
346 1 100000
347 1 100000
348 1 100000
349 1 100000
350 1 100000
351 1 100000
352 1 100000
353 1 100000
354 1 100000
355 1 100000
356 1 100000
357 1 100000
358 1 100000
359 1 100000
360 1 100000
361 1 100000
362 1 100000
363 1 100000
364 1 100000
365 1 100000
366 1 100000
367 1 100000
368 1 100000
369 1 100000
370 1 100000
371 1 100000
372 1 100000
373 1 100000
374 1 100000
375 1 100000
376 1 100000
377 1 100000
378 1 100000
379 1 100000
380 1 100000
381 1 100000
382 1 100000
383 1 100000
384 1 100000
385 1 100000
386 1 100000
387 1 100000
388 1 100000
389 1 100000
390 1 100000
391 1 100000
392 1 100000
393 1 100000
394 1 100000
395 1 100000
396 1 100000
397 1 100000
398 1 100000
399 1 100000
400 1 100000
401 1 100000
402 1 100000
403 1 100000
404 1 100000
405 1 100000
406 1 100000
407 1 100000
408 1 100000
409 1 100000
410 1 100000
411 1 100000
412 1 100000
413 1 100000
414 1 100000
415 1 100000
416 1 100000
417 1 100000
418 1 100000
419 1 100000
420 1 100000
421 1 100000
422 1 100000
423 1 100000
424 1 100000
425 1 100000
426 1 100000
427 1 100000
428 1 100000
429 1 100000
430 1 100000
431 1 100000
432 1 100000
433 1 100000
434 1 100000
435 1 100000
436 1 100000
437 1 100000
438 1 100000
439 1 100000
440 1 100000
441 1 100000
442 1 100000
443 1 100000
444 1 100000
445 1 100000
446 1 100000
447 1 100000
448 1 100000
449 1 100000
450 1 100000
451 1 100000
452 1 100000
453 1 100000
454 1 100000
455 1 100000
456 1 100000
457 1 100000
458 1 100000
459 1 100000
460 1 100000
461 1 100000
462 1 100000
463 1 100000
464 1 100000
465 1 100000
466 1 100000
467 1 100000
468 1 100000
469 1 100000
470 1 100000
471 1 100000
472 1 100000
473 1 100000
474 1 100000
475 1 100000
476 1 100000
477 1 100000
478 1 100000
479 1 100000
480 1 100000
481 1 100000
482 1 100000
483 1 100000
484 1 100000
485 1 100000
486 1 100000
487 1 100000
488 1 100000
489 1 100000
490 1 100000
491 1 100000
492 1 100000
493 1 100000
494 1 100000
495 1 100000
496 1 100000
497 1 100000
498 1 100000
499 1 100000
500 1 100000
501 1 100000
502 1 100000
503 1 100000
504 1 100000
505 1 100000
506 1 100000
507 1 100000
508 1 100000
509 1 100000
510 1 100000
511 1 100000
512 1 100000
513 1 100000
514 1 100000
515 1 100000
516 1 100000
517 1 100000
518 1 100000
519 1 100000
520 1 100000
521 1 100000
522 1 100000
523 1 100000
524 1 100000
525 1 100000
526 1 100000
527 1 100000
528 1 100000
529 1 100000
530 1 100000
531 1 100000
532 1 100000
533 1 100000
534 1 100000
535 1 100000
536 1 100000
537 1 100000
538 1 100000
539 1 100000
540 1 100000
541 1 100000
542 1 100000
543 1 100000
544 1 100000
545 1 100000
546 1 100000
547 1 100000
548 1 100000
549 1 100000
550 1 100000
551 1 100000
552 1 100000
553 1 100000
554 1 100000
555 1 100000
556 1 100000
557 1 100000
558 1 100000
559 1 100000
560 1 100000
561 1 100000
562 1 100000
563 1 100000
564 1 100000
565 1 100000
566 1 100000
567 1 100000
568 1 100000
569 1 100000
570 1 100000
571 1 100000
572 1 100000
573 1 100000
574 1 100000
575 1 100000
576 1 100000
577 1 100000
578 1 100000
579 1 100000
580 1 100000
581 1 100000
582 1 100000
583 1 100000
584 1 100000
585 1 100000
586 1 100000
587 1 100000
588 1 100000
589 1 100000
590 1 100000
591 1 100000
592 1 100000
593 1 100000
594 1 100000
595 1 100000
596 1 100000
597 1 100000
598 1 100000
599 1 100000
600 1 100000
601 1 100000
602 1 100000
603 1 100000
604 1 100000
605 1 100000
606 1 100000
607 1 100000
608 1 100000
609 1 100000
610 1 100000
611 1 100000
612 1 100000
613 1 100000
614 1 100000
615 1 100000
616 1 100000
617 1 100000
618 1 100000
619 1 100000
620 1 100000
621 1 100000
622 1 100000
623 1 100000
624 1 100000
625 1 100000
626 1 100000
627 1 100000
628 1 100000
629 1 100000
630 1 100000
631 1 100000
632 1 100000
633 1 100000
634 1 100000
635 1 100000
636 1 100000
637 1 100000
638 1 100000
639 1 100000
640 1 100000
641 1 100000
642 1 100000
643 1 100000
644 1 100000
645 1 100000
646 1 100000
647 1 100000
648 1 100000
649 1 100000
650 1 100000
651 1 100000
652 1 100000
653 1 100000
654 1 100000
655 1 100000
656 1 100000
657 1 100000
658 1 100000
659 1 100000
660 1 100000
661 1 100000
662 1 100000
663 1 100000
664 1 100000
665 1 100000
666 1 100000
667 1 100000
668 1 100000
669 1 100000
670 1 100000
671 1 100000
672 1 100000
673 1 100000
674 1 100000
675 1 100000
676 1 100000
677 1 100000
678 1 100000
679 1 100000
680 1 100000
681 1 100000
682 1 100000
683 1 100000
684 1 100000
685 1 100000
686 1 100000
687 1 100000
688 1 100000
689 1 100000
690 1 100000
691 1 100000
692 1 100000
693 1 100000
694 1 100000
695 1 100000
696 1 100000
697 1 100000
698 1 100000
699 1 100000
700 1 100000
701 1 100000
702 1 100000
703 1 100000
704 1 100000
705 1 100000
706 1 100000
707 1 100000
708 1 100000
709 1 100000
710 1 100000
711 1 100000
712 1 100000
713 1 100000
714 1 100000
715 1 100000
716 1 100000
717 1 100000
718 1 100000
719 1 100000
720 1 100000
721 1 100000
722 1 100000
723 1 100000
724 1 100000
725 1 100000
726 1 100000
727 1 100000
728 1 100000
729 1 100000
730 1 100000
731 1 100000
732 1 100000
733 1 100000
734 1 100000
735 1 100000
736 1 100000
737 1 100000
738 1 100000
739 1 100000
740 1 100000
741 1 100000
742 1 100000
743 1 100000
744 1 100000
745 1 100000
746 1 100000
747 1 100000
748 1 100000
749 1 100000
750 1 100000
751 1 100000
752 1 100000
753 1 100000
754 1 100000
755 1 100000
756 1 100000
757 1 100000
758 1 100000
759 1 100000
760 1 100000
761 1 100000
762 1 100000
763 1 100000
764 1 100000
765 1 100000
766 1 100000
767 1 100000
768 1 100000
769 1 100000
770 1 100000
771 1 100000
772 1 100000
773 1 100000
774 1 100000
775 1 100000
776 1 100000
777 1 100000
778 1 100000
779 1 100000
780 1 100000
781 1 100000
782 1 100000
783 1 100000
784 1 100000
785 1 100000
786 1 100000
787 1 100000
788 1 100000
789 1 100000
790 1 100000
791 1 100000
792 1 100000
793 1 100000
794 1 100000
795 1 100000
796 1 100000
797 1 100000
798 1 100000
799 1 100000
800 1 100000
801 1 100000
802 1 100000
803 1 100000
804 1 100000
805 1 100000
806 1 100000
807 1 100000
808 1 100000
809 1 100000
810 1 100000
811 1 100000
812 1 100000
813 1 100000
814 1 100000
815 1 100000
816 1 100000
817 1 100000
818 1 100000
819 1 100000
820 1 100000
821 1 100000
822 1 100000
823 1 100000
824 1 100000
825 1 100000
826 1 100000
827 1 100000
828 1 100000
829 1 100000
830 1 100000
831 1 100000
832 1 100000
833 1 100000
834 1 100000
835 1 100000
836 1 100000
837 1 100000
838 1 100000
839 1 100000
840 1 100000
841 1 100000
842 1 100000
843 1 100000
844 1 100000
845 1 100000
846 1 100000
847 1 100000
848 1 100000
849 1 100000
850 1 100000
851 1 100000
852 1 100000
853 1 100000
854 1 100000
855 1 100000
856 1 100000
857 1 100000
858 1 100000
859 1 100000
860 1 100000
861 1 100000
862 1 100000
863 1 100000
864 1 100000
865 1 100000
866 1 100000
867 1 100000
868 1 100000
869 1 100000
870 1 100000
871 1 100000
872 1 100000
873 1 100000
874 1 100000
875 1 100000
876 1 100000
877 1 100000
878 1 100000
879 1 100000
880 1 100000
881 1 100000
882 1 100000
883 1 100000
884 1 100000
885 1 100000
886 1 100000
887 1 100000
888 1 100000
889 1 100000
890 1 100000
891 1 100000
892 1 100000
893 1 100000
894 1 100000
895 1 100000
896 1 100000
897 1 100000
898 1 100000
899 1 100000
900 1 100000
901 1 100000
902 1 100000
903 1 100000
904 1 100000
905 1 100000
906 1 100000
907 1 100000
908 1 100000
909 1 100000
910 1 100000
911 1 100000
912 1 100000
913 1 100000
914 1 100000
915 1 100000
916 1 100000
917 1 100000
918 1 100000
919 1 100000
920 1 100000
921 1 100000
922 1 100000
923 1 100000
924 1 100000
925 1 100000
926 1 100000
927 1 100000
928 1 100000
929 1 100000
930 1 100000
931 1 100000
932 1 100000
933 1 100000
934 1 100000
935 1 100000
936 1 100000
937 1 100000
938 1 100000
939 1 100000
940 1 100000
941 1 100000
942 1 100000
943 1 100000
944 1 100000
945 1 100000
946 1 100000
947 1 100000
948 1 100000
949 1 100000
950 1 100000
951 1 100000
952 1 100000
953 1 100000
954 1 100000
955 1 100000
956 1 100000
957 1 100000
958 1 100000
959 1 100000
960 1 100000
961 1 100000
962 1 100000
963 1 100000
964 1 100000
965 1 100000
966 1 100000
967 1 100000
968 1 100000
969 1 100000
970 1 100000
971 1 100000
972 1 100000
973 1 100000
974 1 100000
975 1 100000
976 1 100000
977 1 100000
978 1 100000
979 1 100000
980 1 100000
981 1 100000
982 1 100000
983 1 100000
984 1 100000
985 1 100000
986 1 100000
987 1 100000
988 1 100000
989 1 100000
990 1 100000
991 1 100000
992 1 100000
993 1 100000
994 1 100000
995 1 100000
996 1 100000
997 1 100000
998 1 100000
999 1 100000
1000 1 100000
